2
20
91
244
354
446
473
495
523
760
850
862
873
888
906
907
925
982
984
1000
1001
1004
1015
1055
1124
1136
1143
1190
1242
1251
1307
1375
1390
1431
1436
1437
1512
1599
1608
1663
1686
1741
1793
1842
1919
1966
1998
2076
2092
2155
2164
2213
2218
2289
2398
2408
2525
2555
2571
2604
2657
2680
2688
2730
2733
2767
2808
2870
2904
2925
2941
3039
3044
3050
3061
3138
3170
3266
3272
3315
3323
3372
3497
3520
3593
3613
3656
3657
3662
3668
3731
3761
3785
3803
3904
3984
4041
4067
4101
4122
4124
4151
4208
4263
4296
4308
4328
4419
4455
4489
4523
4528
4595
4729
4732
4752
4872
4896
4925
5081
5135
5188
5192
5327
5458
5514
5519
5675
5677
5679
5712
5777
5781
5788
5801
5892
5910
6015
6022
6042
6144
6170
6180
6187
6188
6192
6218
6228
6281
6282
6319
6328
6394
6398
6447
6501
6515
6559
6632
6647
6724
6802
6844
6900
6910
6921
6927
7107
7123
7137
7156
7182
7191
7217
7222
7227
7235
7265
7288
7326
7337
7374
7389
7391
7452
7542
7555
7557
7562
7589
7621
7655
7681
7687
7776
7777
7782
7804
7818
7828
7848
7901
7938
7977
8068
8105
8108
8123
8160
8283
8310
8334
8459
8495
8499
8503
8526
8563
8611
8640
8670
8690
8693
8728
8730
8732
8750
8755
8781
8883
8899
8921
8968
8974
9015
9050
9095
9114
9170
9221
9264
9289
9306
9359
9437
9475
9496
9592
9751
9794
9807
9848
9862
9866
9978
9998
