53
104
126
160
257
296
370
391
446
486
520
544
578
604
687
700
744
858
883
889
899
934
1047
1067
1085
1130
1264
1272
1333
1402
1486
1539
1546
1556
1575
1593
1609
1616
1655
1736
1792
1829
1858
1920
1995
2051
2093
2216
2226
2229
2245
2272
2318
2319
2327
2364
2484
2516
2517
2534
2587
2621
2632
2703
2818
2835
2851
2903
2973
2981
2996
3020
3043
3191
3216
3298
3379
3387
3415
3417
3461
3494
3520
3532
3621
3648
3670
3677
3716
3757
3812
3841
3844
3873
3948
3970
3995
4055
4065
4067
4104
4130
4135
4179
4212
4223
4241
4326
4351
4457
4458
4482
4525
4557
4581
4630
4655
4661
4694
4715
4753
4793
4892
4981
4991
5028
5038
5039
5049
5055
5165
5226
5280
5320
5350
5412
5419
5529
5550
5592
5609
5666
5671
5710
5738
5794
5826
5852
5871
5909
5910
5915
5930
5945
5951
5988
6001
6076
6077
6165
6183
6222
6267
6272
6276
6326
6360
6374
6450
6542
6568
6597
6603
6610
6674
6678
6727
6745
6748
6813
6864
6977
7001
7019
7025
7041
7082
7130
7145
7204
7218
7232
7291
7431
7437
7493
7521
7548
7556
7581
7593
7712
7714
7731
7785
7826
7842
7848
7911
7942
7975
8058
8065
8069
8076
8157
8196
8207
8232
8269
8292
8352
8530
8627
8631
8728
8867
8938
8943
8947
9009
9019
9048
9076
9127
9134
9165
9184
9197
9233
9238
9333
9342
9364
9497
9508
9549
9585
9688
9705
9723
9765
9792
9839
9965
9984
