21
26
60
66
69
114
143
151
215
315
457
465
509
593
617
628
718
779
811
914
937
945
965
1007
1067
1097
1132
1158
1201
1232
1298
1323
1337
1361
1376
1385
1388
1422
1475
1500
1508
1597
1650
1654
1722
1731
1799
1832
1834
1843
2021
2032
2060
2103
2241
2265
2309
2310
2326
2343
2349
2412
2479
2482
2485
2542
2545
2563
2648
2735
2839
2842
2931
2961
3009
3089
3090
3091
3102
3150
3194
3202
3220
3341
3370
3428
3500
3503
3519
3562
3670
3671
3687
3688
3742
3764
3774
3835
3927
3932
3995
4013
4039
4157
4168
4246
4266
4275
4308
4360
4370
4389
4394
4405
4414
4430
4441
4479
4543
4574
4584
4636
4640
4644
4673
4680
4789
4797
4841
4893
5085
5148
5178
5190
5224
5230
5241
5246
5251
5290
5356
5380
5389
5427
5440
5443
5470
5517
5527
5539
5559
5578
5586
5598
5678
5692
5723
5752
5768
5800
5856
5898
5984
6098
6175
6176
6274
6388
6407
6431
6433
6518
6595
6600
6732
6755
6804
6845
6861
6875
6889
6890
6899
6908
6929
6943
6953
6964
7107
7135
7178
7230
7231
7238
7307
7445
7456
7513
7556
7577
7671
7678
7740
7764
7770
7831
7857
7898
7922
7945
7963
7972
8057
8074
8164
8187
8294
8309
8313
8358
8370
8384
8405
8443
8457
8472
8542
8584
8596
8614
8637
8669
8774
8839
8856
8914
8915
8984
8998
9168
9233
9267
9284
9323
9329
9352
9362
9400
9402
9615
9845
9857
9890
9908
9977
9995
