60
70
76
94
104
125
152
176
201
246
324
328
337
369
419
425
445
454
459
468
469
477
595
610
655
791
846
849
938
1056
1114
1206
1221
1298
1334
1337
1397
1442
1476
1512
1542
1604
1687
1711
1716
1777
1857
1893
1910
1946
1989
2065
2072
2104
2156
2160
2240
2248
2250
2254
2315
2317
2407
2431
2450
2496
2566
2702
2723
2955
2968
3010
3011
3082
3107
3130
3170
3234
3263
3280
3302
3307
3353
3430
3432
3492
3512
3529
3605
3660
3715
3729
3778
3857
3875
3914
3963
4023
4088
4133
4262
4272
4341
4357
4358
4370
4421
4445
4471
4578
4605
4620
4633
4645
4648
4692
4717
4728
4729
4733
4793
4813
4857
4859
4863
4871
4882
4978
4982
5023
5142
5163
5179
5190
5212
5250
5282
5298
5470
5544
5548
5589
5605
5696
5739
5750
5757
5808
5831
5919
5987
5992
6006
6037
6040
6139
6151
6157
6210
6273
6290
6308
6326
6331
6335
6337
6342
6349
6378
6431
6434
6455
6502
6546
6594
6637
6655
6669
6674
6677
6714
6719
6721
6814
6852
6860
6876
6924
6938
7160
7175
7247
7265
7310
7334
7344
7356
7369
7420
7485
7534
7555
7678
7691
7742
7757
7795
7803
7809
7928
7971
7979
8000
8072
8162
8182
8255
8383
8385
8395
8407
8425
8442
8537
8544
8559
8578
8586
8592
8640
8658
8706
8760
8791
8800
8979
9020
9041
9091
9200
9258
9276
9324
9370
9406
9562
9569
9580
9583
9587
9709
9742
9747
9792
9983
9990
