0
133
149
197
207
232
238
382
430
467
478
481
497
498
668
674
677
710
764
793
800
840
874
905
939
946
948
990
1001
1011
1033
1149
1150
1205
1243
1260
1347
1502
1521
1540
1566
1568
1617
1625
1634
1707
1762
1767
1798
1867
1869
1954
1975
1977
1992
2005
2011
2012
2044
2063
2086
2095
2138
2222
2314
2332
2340
2346
2559
2568
2581
2594
2628
2705
2750
2767
2798
2808
2892
2894
2923
2925
2946
3014
3065
3108
3124
3135
3171
3233
3248
3258
3260
3307
3470
3537
3566
3586
3642
3685
3758
3776
3844
3886
3952
4029
4042
4045
4083
4111
4118
4143
4160
4196
4277
4288
4318
4389
4475
4521
4537
4565
4594
4611
4660
4661
4690
4733
4767
4833
4855
4917
4919
4926
4934
4963
4964
5037
5055
5066
5131
5234
5274
5297
5398
5400
5403
5467
5508
5667
5684
5740
5807
5826
5849
5911
5949
6074
6196
6243
6253
6319
6365
6373
6388
6398
6427
6526
6542
6555
6560
6562
6567
6593
6670
6701
6722
6744
6747
6768
6825
6832
6867
6872
6893
6909
6941
6951
7045
7087
7107
7152
7163
7210
7211
7252
7257
7331
7468
7472
7476
7477
7602
7617
7630
7641
7645
7680
7693
7703
7780
7825
7837
7885
8012
8088
8111
8124
8164
8187
8218
8287
8292
8308
8371
8378
8396
8463
8596
8607
8736
8819
8823
8831
8863
8874
8905
8966
8988
9031
9090
9127
9267
9382
9426
9433
9460
9484
9537
9545
9587
9624
9631
9662
9766
9785
