81
87
134
237
256
327
363
369
406
528
569
579
617
707
708
734
763
797
831
938
1015
1058
1059
1223
1227
1246
1320
1371
1404
1409
1443
1470
1535
1556
1608
1613
1695
1697
1748
1850
1885
1926
2033
2043
2045
2065
2072
2100
2126
2160
2223
2229
2282
2332
2359
2423
2482
2489
2500
2506
2620
2635
2659
2678
2680
2686
2700
2723
2780
2781
2790
2815
2861
2902
2934
3073
3160
3182
3202
3203
3212
3233
3239
3247
3252
3254
3302
3308
3347
3390
3436
3454
3499
3506
3510
3570
3576
3649
3710
3763
3801
3818
3914
3920
3923
3979
3989
3997
4056
4059
4095
4122
4189
4191
4268
4300
4304
4367
4456
4466
4514
4545
4566
4571
4603
4657
4694
4771
4898
4967
4971
5019
5132
5205
5211
5248
5289
5307
5320
5491
5570
5607
5625
5685
5698
5729
5757
5785
5852
5907
5962
5967
5985
6031
6240
6259
6286
6398
6407
6454
6559
6577
6597
6604
6674
6681
6692
6701
6725
6792
6795
6805
6806
6841
6922
6954
6984
7079
7125
7140
7178
7199
7228
7266
7270
7282
7318
7344
7433
7439
7494
7508
7690
7791
7805
7938
7964
8000
8058
8059
8068
8155
8157
8199
8205
8225
8308
8388
8432
8459
8597
8670
8683
8801
8863
8948
8974
9042
9045
9074
9106
9110
9116
9130
9147
9153
9208
9215
9279
9283
9316
9335
9336
9366
9386
9409
9449
9452
9476
9483
9511
9571
9580
9586
9609
9632
9663
9680
9691
9713
9776
9806
9844
9857
9899
9900
