8
93
142
149
200
233
249
283
323
328
350
389
395
436
476
518
591
598
620
631
635
641
697
755
847
857
864
866
873
926
1021
1063
1096
1235
1246
1282
1298
1310
1402
1404
1420
1469
1545
1551
1628
1739
1753
1853
1859
1895
2006
2039
2052
2185
2186
2199
2228
2326
2346
2352
2374
2426
2478
2496
2535
2554
2642
2676
2694
2699
2708
2811
2833
2853
2859
2876
2904
3041
3064
3115
3122
3158
3275
3365
3404
3490
3633
3634
3635
3667
3775
3797
3808
3845
3878
3881
3936
3986
4098
4120
4129
4152
4186
4256
4262
4264
4269
4290
4302
4321
4325
4361
4407
4416
4467
4513
4571
4644
4658
4725
4728
4762
4772
4783
4859
4889
4948
5052
5090
5142
5148
5149
5190
5206
5261
5287
5326
5357
5435
5486
5525
5544
5599
5600
5685
5704
5731
5769
5792
5836
5931
5945
5947
5948
5995
6007
6031
6223
6267
6279
6326
6328
6442
6494
6528
6590
6593
6639
6662
6712
6739
6743
6745
6765
6772
6795
6955
7028
7126
7174
7210
7217
7225
7245
7258
7330
7345
7352
7358
7365
7371
7402
7454
7513
7521
7523
7712
7749
7820
7823
7867
7871
8025
8036
8084
8222
8278
8294
8320
8356
8402
8413
8459
8544
8668
8681
8698
8729
8736
8741
8756
8768
8780
8856
8934
8953
9048
9083
9132
9161
9197
9214
9238
9250
9258
9294
9307
9346
9358
9375
9433
9583
9613
9617
9629
9634
9666
9678
9710
9793
9871
9877
9918
9943
9949
9951
