34
39
41
43
84
117
184
205
211
259
289
323
324
328
358
465
517
529
534
577
584
638
652
743
876
921
922
929
987
988
1038
1120
1206
1244
1271
1301
1320
1342
1367
1386
1403
1422
1464
1481
1492
1520
1583
1601
1626
1678
1706
1772
1801
1812
1886
1911
2012
2028
2030
2104
2157
2178
2184
2201
2207
2309
2315
2354
2359
2382
2389
2493
2511
2557
2566
2602
2645
2646
2678
2696
2748
2757
2763
2765
2812
2895
2917
2946
2979
3026
3040
3070
3094
3116
3155
3182
3188
3233
3310
3329
3336
3337
3384
3398
3444
3532
3569
3583
3596
3623
3792
3876
3960
4103
4289
4424
4436
4443
4522
4544
4557
4593
4663
4695
4741
4803
4825
4835
4840
4841
4885
4995
5027
5041
5054
5085
5088
5103
5137
5140
5230
5340
5407
5472
5485
5491
5504
5505
5563
5565
5609
5639
5652
5671
5713
5775
5786
5792
5793
5948
5968
5972
6025
6027
6064
6097
6146
6317
6393
6438
6520
6577
6649
6670
6711
6730
6821
6871
6890
6918
6954
6978
7105
7156
7159
7190
7209
7282
7310
7326
7346
7349
7353
7358
7479
7502
7521
7603
7623
7647
7880
7902
8011
8046
8060
8099
8157
8195
8216
8254
8293
8355
8401
8469
8513
8528
8565
8598
8653
8672
8684
8722
8881
8884
8920
8981
9013
9044
9049
9164
9193
9208
9230
9248
9256
9271
9289
9365
9376
9396
9405
9425
9438
9507
9514
9539
9643
9702
9705
9764
9802
9838
9842
9904
9927
9953
