10
246
257
308
320
389
395
499
556
575
606
656
694
733
862
933
948
1064
1068
1076
1123
1143
1145
1183
1194
1217
1247
1248
1301
1304
1379
1469
1500
1635
1745
1812
1921
1936
1940
1962
2084
2132
2162
2173
2179
2194
2236
2430
2434
2524
2532
2546
2549
2606
2634
2671
2750
2764
2773
2774
2777
2817
2836
2857
2866
2925
2933
2944
2962
2974
2988
3023
3117
3186
3241
3244
3286
3314
3381
3421
3433
3453
3522
3538
3559
3595
3619
3674
3695
3716
3751
3804
3808
3842
3869
3872
3881
3892
3958
3960
3964
4030
4054
4056
4075
4148
4182
4206
4281
4321
4326
4428
4458
4536
4612
4658
4668
4713
4722
4752
4776
4791
4863
4922
4988
4994
5007
5073
5153
5164
5193
5267
5275
5447
5464
5519
5552
5554
5603
5619
5627
5655
5684
5695
5768
5793
5826
5863
5910
5916
5923
6005
6017
6021
6108
6109
6147
6199
6244
6254
6267
6306
6308
6484
6565
6580
6582
6642
6647
6700
6709
6744
6768
6808
6811
6837
6879
6930
6979
6985
7003
7022
7058
7066
7069
7072
7121
7158
7165
7179
7214
7231
7339
7348
7352
7382
7438
7445
7455
7520
7546
7561
7650
7651
7774
7785
7802
7815
7861
7889
7907
8005
8230
8360
8436
8527
8545
8554
8602
8631
8702
8704
8758
8810
8838
8865
8905
8943
8948
9019
9021
9056
9063
9167
9184
9186
9267
9283
9287
9314
9326
9339
9365
9378
9381
9384
9487
9511
9549
9581
9592
9620
9668
9866
9886
9945
